0.6850
1.8850
3.0750
4.2250
5.3950
6.5800
7.7000
8.8750
10.0550
11.2000
12.3700
13.5450
14.7150
15.9150
17.1050
18.2500
19.4400
20.6100
21.7900
23.0000
24.2200
25.3900
26.6000
27.8000
28.9650
30.1350
31.3100
32.4500
33.6250
34.8000
35.9650
37.1400
38.3200
39.4650
40.6350
41.7950
42.9550
44.1400
45.3000
46.4550
47.6550
48.8050
50.0050
51.1950
52.3650
53.5450
54.7450
55.9450
57.1200
58.3200
59.5100
60.6750
61.8450
63.0150
64.1400
65.3000
66.4850
67.6200
68.7950
69.9600
71.0850
72.2550
73.4050
74.5550
75.7250
76.8700
78.0100
79.1650
80.1950
81.1650
82.3500
83.6300
84.8400
86.0750
87.3000
88.5150
89.7800
90.9300
91.9450
93.2500
94.4850
95.6750
96.9350
98.1450
99.2900
100.5000
101.7000
102.8700
104.0850
105.3300
106.5200
107.7750
108.9800
110.1850
111.3700
112.5200
113.5000
114.5600
115.8200
117.0150
118.2500
119.4300
120.6150
121.8250
123.0200
124.1650
125.2550
126.3750
127.3500
128.3750
129.6200
130.7900
131.8850
133.1100
134.2550
135.4200
136.5650
137.7000
138.8250
139.9800
141.1050
142.1700
143.1500
144.1700
145.2350
146.4900
147.7400
148.9150
150.1250
151.3400
152.4900
153.6750
154.8250
155.9950
157.2000
158.3900
159.5200
160.7000
161.9000
163.0700
164.2500
165.4450
166.6100
167.8350
169.0200
170.1750
171.3700
172.5600
173.7250
174.8950
176.0800
177.2100
178.3900
179.5700
180.6950
181.8750
183.0600
184.2450
185.4350
186.6550
187.8250
189.0700
190.2600
191.4550
192.7150
193.9250
195.1500
196.3900
197.5850
198.7750
199.9800
201.1700
202.3550
203.5750
204.7900
205.9750
207.1800
208.3700
209.4550
210.5250
211.6200
212.6850
213.8950
215.1950
216.4050
217.6050
218.8100
219.9150
220.9550
221.9750
223.2050
224.3750
225.5950
226.7900
227.9600
229.1600
230.3550
231.5200
232.7300
233.9300
235.0800
236.2400
237.4050
238.5400
239.7150
240.8950
242.0650
243.2800
244.4750
245.6400
246.8550
248.0600
249.2350
250.4350
251.6100
252.7750
253.9450
255.1150
256.2400
257.4150
258.6000
259.8000
261.0300
262.2700
263.4750
264.7250
265.9550
267.1300
268.3500
269.5550
270.7250
271.9250
273.0950
274.2700
275.4700
276.6650
277.8300
278.9400
280.0050
281.0100
282.1050
283.3200
284.4550
285.6100
286.7900
287.9550
289.1150
290.2700
291.4000
292.5350
293.6850
294.8400
295.9600
297.1350
298.2700
299.4150
