0.8500
1.7350
3.0650
4.3100
5.3650
6.2700
7.1100
7.9550
8.8300
10.1950
11.4550
12.6550
13.9750
15.2300
16.4150
17.6100
18.8050
20.0000
21.2250
22.4400
23.5600
24.5850
25.5500
26.4600
27.4850
28.5000
29.5500
30.6800
31.8100
33.1000
34.3000
35.4000
36.2900
37.1700
38.1150
39.4650
40.6750
41.8550
43.0050
44.1800
45.3950
46.5700
47.7050
48.8300
49.8700
50.8250
52.1700
53.4650
54.6700
55.9350
57.1450
58.3150
59.5600
60.8200
62.0550
63.2900
64.4200
65.6600
66.9100
68.1900
69.4850
70.6800
71.8800
73.0250
73.9400
74.7950
75.6200
76.4250
77.2550
78.5600
79.6950
80.8800
82.0450
83.1900
84.2800
85.4450
86.6250
87.8800
89.0950
90.3550
91.5700
92.7800
94.0200
95.1900
96.2200
97.1700
98.1750
99.2950
100.5500
101.7450
102.8900
104.1800
105.2950
106.3700
107.3850
108.3500
109.3550
110.3800
111.3300
112.2600
113.2750
114.2750
115.2500
116.3500
117.6250
118.8200
119.8700
120.9100
121.8450
122.7500
123.7550
124.8400
125.7950
126.7650
127.7650
128.8800
129.8000
130.7200
131.5700
132.4000
133.2050
133.9950
134.7650
135.5550
136.9000
138.1400
139.3150
140.5750
141.8750
143.1550
144.4450
145.6600
146.8250
148.0050
149.1800
150.3750
151.5900
152.6400
153.7350
154.9150
156.1150
157.2950
158.4200
159.6500
160.9050
162.2100
163.4750
164.7400
165.9250
166.9400
167.8950
168.8950
169.9550
170.9350
172.0500
173.3450
174.5150
175.7550
176.9750
178.2000
179.4800
180.6850
181.8200
182.9250
183.9250
184.8800
185.8800
187.2450
188.4800
189.7350
190.9700
192.1900
193.3500
194.3650
195.4150
196.6400
197.7800
198.9200
200.0450
201.1150
202.1450
203.5150
204.7700
205.8250
206.7350
207.6400
208.6050
209.9950
211.2750
212.4250
213.8050
215.0800
216.2950
217.5600
218.7200
219.8350
220.9550
222.0100
222.9700
223.9850
225.0350
226.0450
227.4050
228.6150
229.7400
230.9150
231.9050
232.9300
234.0050
235.1850
236.3300
237.5000
238.4650
239.3650
240.2750
241.1900
242.3600
243.7150
244.8550
246.0400
247.2200
248.3950
249.4250
250.3650
251.4000
252.6400
253.7350
254.9200
256.2100
257.3300
258.4200
259.4000
260.3450
261.2650
262.1150
263.0400
264.4300
265.5800
266.6000
267.5150
268.4850
269.8500
271.0650
272.2500
273.4500
274.6050
275.7600
277.0100
278.2300
279.4100
280.6100
281.7900
282.9500
284.2100
285.4000
286.5900
287.6950
288.8550
290.0050
291.2450
292.4450
293.5350
294.6450
295.6700
296.6900
297.8050
299.1850
