0.1250
0.8945
1.6719
2.4336
3.1875
3.9570
4.7305
5.5039
6.2617
7.0469
7.8516
8.6680
9.4688
10.2461
11.0273
11.8203
12.6172
13.3984
14.1797
14.9727
15.7852
16.5938
17.3750
18.1562
18.9570
19.7695
20.5391
21.2891
22.0391
22.8008
23.5859
24.3711
25.1445
25.9609
26.7852
27.6250
28.4414
29.2422
30.0508
30.8750
31.6719
32.4414
33.2109
33.9688
34.7305
35.4609
36.1680
36.8594
37.5586
38.2695
38.9922
39.7344
40.5391
41.3828
42.2227
43.0742
43.9688
44.8359
45.6445
46.4141
47.1797
47.9648
48.7578
49.5469
50.3125
51.0938
51.8828
52.6562
53.3984
54.1094
54.8125
55.5117
56.2070
56.8906
57.5859
58.2852
58.9648
59.6406
60.3242
61.0312
61.7539
62.4648
63.1602
63.8555
64.5586
65.2617
65.9609
66.6523
67.3359
68.0234
68.7109
69.4062
70.1016
70.8281
71.5859
72.3828
73.1914
74.0156
74.8203
75.6523
76.4102
77.1328
77.8320
78.5273
79.2305
79.9648
80.6953
81.4141
82.1445
82.8984
83.6719
84.4414
85.2500
86.1289
86.9961
87.7969
88.5859
89.3789
90.1758
90.9648
91.7539
92.5664
93.3984
94.2422
95.0664
95.8867
96.7227
97.5430
98.3438
99.1328
99.9453
100.8008
101.6445
102.4336
103.2109
104.0000
104.8086
105.5977
106.3672
107.1484
107.9336
108.6953
109.4414
110.1562
110.8672
111.5781
112.2930
113.0156
113.7891
114.6172
115.4648
116.2734
117.0703
117.8984
118.7539
119.6211
120.4414
121.2500
122.1016
122.9727
123.8633
124.7656
125.6250
126.5039
127.3750
128.2266
129.0469
129.8633
130.7031
131.5586
132.3867
133.1836
133.9688
134.7695
135.5859
136.3828
137.1484
137.8906
138.6445
139.4180
140.1836
140.9219
141.6367
142.3477
143.0625
143.7656
144.4648
145.1719
145.8828
146.5859
147.2852
147.9805
148.6797
149.3789
150.0664
150.7461
151.4219
152.0898
152.7578
153.4180
154.0664
154.7109
155.3438
155.9688
156.5898
157.2031
157.8086
158.4102
159.0039
159.5977
160.1875
160.7812
161.3711
161.9609
162.5508
163.1328
163.7148
164.2969
164.8789
165.4648
166.0586
166.6758
167.3164
167.9648
168.6211
169.3047
170.0312
170.8125
171.6055
172.4492
173.4375
174.4453
175.3555
176.2383
177.0820
177.8906
178.6758
179.4727
180.2891
181.1250
181.9023
182.6484
183.4023
184.1914
184.9648
185.7109
186.4492
187.1680
187.8711
188.5508
189.2266
189.8945
190.5664
191.2695
192.0117
192.8086
193.6250
194.4180
195.2422
196.0820
196.9023
197.7070
198.5117
199.3125
200.1055
200.8750
201.6406
202.4258
203.2422
204.0430
204.8438
205.6484
206.4492
207.2422
208.0273
208.8164
209.6172
210.3945
211.1523
211.8828
212.6289
213.4102
214.1953
214.9961
215.7891
216.5938
217.4062
218.2812
219.1328
219.9570
220.7812
221.6406
222.4961
223.3164
224.1445
224.9648
225.7852
226.5859
227.3789
228.1836
229.0078
229.7969
230.5703
231.3320
232.0859
232.8281
233.5781
234.3438
235.1250
235.9062
236.7031
237.5195
238.3555
239.1562
239.9258
240.7188
241.5352
242.3320
243.1211
243.9219
244.7266
245.5039
246.2891
247.0859
247.8789
248.6602
249.4336
250.2188
251.0312
251.8398
252.6289
253.4062
254.2031
254.9922
255.7734
256.5312
257.2969
258.0859
258.8945
259.6836
260.4766
261.2773
262.0977
262.8984
263.6875
264.4727
265.2617
266.0312
266.7656
267.4844
268.2070
268.9375
269.6797
270.5039
271.5234
272.6523
273.8281
274.8438
275.6953
276.4961
277.2930
278.1094
278.9297
279.7578
280.6055
281.4727
282.3359
283.1875
284.0469
284.8828
285.6992
286.4922
287.2891
288.1016
288.9180
289.6992
290.4805
291.2773
292.0742
292.8828
293.6953
294.5234
295.3633
296.1602
296.9336
297.7070
298.4922
299.3047
300.1172
300.9102
301.7266
302.5430
303.3477
304.1523
304.9883
305.8438
306.6445
307.4023
308.1484
308.9102
309.6992
310.4922
311.2812
312.0898
312.9336
313.8008
314.5898
315.3594
316.1289
316.9102
317.7031
318.4922
319.3047
320.1562
320.9727
321.7578
322.5430
323.3477
324.1602
324.9805
325.7969
326.6094
327.4375
328.2539
329.0352
329.8008
330.5820
331.3633
332.1562
332.9180
333.6797
334.4570
335.2305
336.0039
336.7617
337.5352
338.3242
339.1016
339.8750
340.6680
341.4805
342.2852
343.0977
343.8984
344.6875
345.4688
346.2617
347.0547
347.8320
348.6211
349.4297
350.2266
351.0000
351.7656
352.5391
353.3320
354.1172
354.8945
355.6484
356.4141
357.1797
357.9414
358.6992
359.5078
360.3516
361.1523
361.9219
362.6875
363.4609
364.2695
365.0352
365.7891
366.5352
367.3047
368.1016
368.8906
369.6758
370.4688
371.2852
372.0859
372.8750
373.6602
374.4375
375.2305
376.0234
376.8047
377.5742
378.3516
379.1133
379.8789
380.6523
381.4414
382.2422
383.0234
383.7969
384.5898
385.4023
386.1992
386.9648
387.7188
388.4844
389.3008
390.1133
390.9219
391.7500
392.5977
393.4258
394.2188
395.0078
395.8047
396.5938
397.3672
398.1211
398.8633
399.6289
400.4102
401.1875
401.9609
402.7578
403.5625
404.3711
405.1211
405.8281
406.5195
407.2109
407.9023
408.6055
409.3125
410.0273
410.7578
411.5000
412.2344
412.9648
413.7070
414.4180
415.1289
415.8789
416.6719
417.4766
418.3047
419.1602
420.0156
420.8711
421.6992
422.5312
423.3633
424.2227
425.0508
425.8672
426.6680
427.4805
428.2812
429.0703
429.8438
430.6367
431.4258
432.1836
432.8906
433.5898
434.2969
434.9883
435.6680
436.3633
437.0898
437.8438
438.6016
439.3750
440.2188
441.1367
442.0000
442.8516
443.7031
444.5586
445.3828
446.1992
447.0039
447.8125
448.6211
449.4141
450.1953
451.0000
451.8359
452.6875
453.5234
454.3633
455.2109
456.0508
456.8750
457.6914
458.4961
459.3047
460.1211
460.9297
461.7227
462.5156
463.2969
464.0625
464.8047
465.5352
466.2891
467.1016
467.9258
468.7383
469.5859
470.4336
471.2578
472.0469
472.8398
473.6445
474.4570
475.2734
476.0898
476.9375
477.7344
478.5078
479.2891
480.0820
480.8945
481.7148
482.5078
483.3320
484.1875
485.0586
485.9180
486.7383
487.5703
488.3945
489.2031
490.0430
490.9141
491.7578
492.5703
493.3555
494.1523
494.9727
495.7773
496.5703
497.3594
498.1523
498.9531
499.7266
500.4844
501.2383
502.0078
502.7695
503.4922
504.1953
504.9062
505.6445
506.4336
507.2695
508.1914
509.1641
510.0664
510.9648
511.8750
512.7656
513.6250
514.4844
515.3359
516.1680
516.9766
517.7852
518.6133
519.4336
520.2422
521.0586
521.8633
522.6680
523.4531
524.2266
525.0039
525.8008
526.5859
527.3711
528.1836
528.9961
529.7930
530.5703
531.3281
532.0938
532.8828
533.6680
534.4375
535.2266
536.0820
536.9414
537.7656
538.5703
539.3945
540.2266
541.0312
541.8164
542.5859
543.3789
544.2148
545.0430
545.8359
546.6094
547.3789
548.1406
548.8711
549.5820
550.2812
550.9766
551.6758
552.3750
553.0742
553.7773
554.4805
555.1719
555.8672
556.5703
557.2734
557.9805
558.7227
559.4766
560.2383
561.0117
561.7969
562.6016
563.4102
564.2305
565.0547
565.8828
566.6992
567.5078
568.3438
569.1914
570.0234
570.8320
571.6367
572.4688
573.2930
574.0859
574.8750
575.6562
576.4375
577.2148
577.9805
578.7539
579.5508
580.3438
581.1523
581.9648
582.7734
583.5547
584.3281
585.1016
585.8906
586.6797
587.4531
588.2188
588.9844
589.7773
590.5625
591.3516
592.1484
592.9336
593.7227
594.5000
595.2930
596.1016
596.9336
597.7344
598.5391
599.3242
